523442141
523442142
523442143
523442144
523442145
523442146
523442147
523442148
523442149
5234421410
5234421411
5234421412
5234421413
5234421414
5234421415
5234421416
5234421417
5234421418
5234421419
5234421420
5234421421
5234421422
5234421423
5234421424
5234421425
5234421426
5234421427
5234421428
5234421429
5234421430
5234421431
5234421432
5234421433
5234421434
5234421435
5234421436
5234421437
5234421438
5234421439
5234421440
5234421441
5234421442
5234421443
5234421444
5234421445
5234421446
5234421447
5234421448
5234421449
5234421450
5234421451
5234421452
5234421453
5234421454
5234421455
5234421456
5234421457
5234421458
5234421459
5234421460
5234421461
5234421462
5234421463
5234421464
5234421465
5234421466
5234421467
5234421468
5234421469
5234421470
5234421471
5234421472
5234421473
5234421474
5234421475
5234421476
5234421477
5234421478
5234421479
5234421480
5234421481
5234421482
5234421483
5234421484
5234421485
5234421486
5234421487
5234421488
5234421489
5234421490
5234421491
5234421492
5234421493
5234421494
5234421495
5234421496
5234421497
5234421498
5234421499
52344214100

